1371	1096	1145	1107	1158	1654	2183	2366	2541	2696	2834	2926	2507	1559	1327	1574	1477	1101	968	987	1177	1308	1699	1540	1127	1137	1299	1199	1321	1283	1235	1545	2591	3266	2763	2337	2051	1760	1669	1792	1738	1531	1179	934	1212	1345	1389	1637	1845	1861
1298	1099	1182	1034	1380	2019	2327	2287	2336	2433	2550	2534	2303	1507	1257	1378	1216	999	1008	1172	1179	1154	1081	1035	1211	1633	1697	1619	1678	1539	1183	1387	2302	2804	2505	2118	1898	1787	1780	1579	1474	1234	939	865	1039	1197	1252	1416	1669	1749
1385	1056	1173	1068	1537	2112	2128	2140	2086	2114	2158	2076	1781	1350	996	946	990	957	1013	1210	1087	1086	892	924	1324	1828	1860	1777	1880	1834	1506	1251	1491	1877	1722	1605	1517	1483	1500	1205	1194	846	761	818	1024	1016	1195	1264	1547	1742
1386	1184	1169	1062	1462	1951	1913	1835	1760	1687	1562	1453	1448	1280	1048	927	1066	1103	1140	1158	1009	995	947	938	1455	1858	1805	1682	1655	1534	1301	1039	1051	1282	1171	1134	1066	1051	913	914	854	800	831	937	1048	1004	1079	1205	1453	1579
1411	1213	1235	1000	1215	1558	1615	1465	1342	1227	1228	1169	1455	1661	1445	1006	1034	1142	1087	1062	1065	965	957	1020	1646	1833	1838	1605	1493	1297	1016	1198	1512	1616	1319	1162	1091	851	728	893	1040	980	893	993	1023	1097	1126	1196	1416	1571
1628	1313	1261	981	842	1040	1096	1027	1069	1083	1090	1373	1618	1841	1623	1181	1059	1161	1147	1056	1001	1036	896	1130	1744	1900	1774	1559	1434	1460	1296	1700	2063	1843	1568	1457	1285	967	816	1037	1165	1043	1015	990	1085	1062	1084	1316	1382	1424
1708	1367	1134	834	839	989	1145	1126	1175	1182	1422	1445	1555	1553	1509	1119	1006	1218	1164	1098	1074	1028	932	1329	1872	1850	1565	1423	1458	1558	1536	1950	2100	1885	1617	1530	1390	1041	855	1069	1117	977	1005	992	1063	1178	1237	1316	1400	1293
1834	1255	978	873	1164	1408	1364	1452	1313	1329	1337	1389	1352	1398	1327	1009	899	1121	1190	1118	1092	995	953	1488	1885	1820	1440	1318	1368	1377	1532	1924	1946	1723	1507	1426	1328	1078	848	1022	1109	978	1043	1032	1108	1227	1447	1450	1554	1302
1714	1062	998	1282	1506	1591	1418	1396	1402	1298	1327	1208	1223	1252	1083	817	826	1120	1151	1183	1153	965	1248	1651	1955	1733	1461	1251	1055	993	1265	1935	1842	1756	1651	1445	1389	1095	903	1112	1136	1032	1056	1061	1214	1348	1500	1576	1551	1127
1328	1010	1273	1448	1504	1437	1338	1381	1312	1269	1136	1224	1166	1093	865	710	935	1095	1166	1171	1113	1029	1474	2026	2069	1774	1442	1040	940	1018	1271	1725	1936	1785	1626	1508	1444	1122	960	1102	1174	1114	1137	1175	1271	1451	1580	1615	1502	1148
1040	1224	1454	1522	1370	1365	1224	1285	1279	1187	1270	1183	1168	957	756	846	1055	1145	1181	1106	965	1273	2021	2148	2217	1844	1376	1075	1078	1315	1307	1504	1934	1891	1757	1679	1484	1162	1011	1199	1267	1181	1157	1204	1429	1363	1542	1522	1287	1183
837	1185	1395	1372	1300	1280	1221	1307	1284	1210	1301	1238	1120	858	745	1077	1161	1191	1222	1107	1008	1410	2190	2356	2235	1840	1262	1118	1336	1602	1374	1463	1723	1945	1944	1746	1573	1237	900	1275	1322	1165	1290	1100	1315	1255	1280	1167	929	1266
855	998	1266	1148	1211	1258	1285	1280	1364	1417	1316	1228	1019	842	780	1056	1232	1188	1180	1125	1101	1498	2216	2310	1997	1567	1071	1205	1441	1495	1339	1231	1733	2062	2070	1865	1734	1217	990	1274	1399	1257	1212	1092	1048	1019	954	895	803	1283
941	780	856	990	1131	1280	1385	1444	1491	1428	1328	1273	936	889	904	1001	1028	967	1092	1134	960	1377	1991	2023	1774	1289	1166	1279	1369	1363	1249	1111	1509	2019	2171	1908	1607	1131	946	1259	1389	1145	969	815	859	920	1069	1176	1107	1205
1029	927	772	816	1023	1157	1314	1366	1426	1420	1366	1189	1152	1445	1489	1332	1086	988	962	1003	873	1109	1505	1587	1459	1159	1009	1249	1257	1233	1142	925	1257	1669	1807	1645	1368	886	806	1037	1183	970	839	909	991	1140	1377	1652	1596	1401
1001	964	788	747	766	1070	1176	1310	1333	1288	1184	1055	1520	2230	2221	1820	1619	1469	1303	1102	1035	1548	1992	2106	2105	1704	1433	1253	1224	1079	1101	1057	1145	1385	1299	1149	1059	976	971	982	924	785	1002	1244	1361	1437	1475	1606	1671	1572
859	1015	1005	827	781	832	1003	1133	1099	1027	946	1073	1775	2300	2210	2184	2086	2034	2020	1700	1507	2292	2877	3163	3112	2716	2108	1806	1546	1457	1574	1747	1748	1413	1047	1057	1279	1376	1374	1226	1094	878	1129	1371	1429	1418	1428	1523	1664	1767
924	973	1012	1019	842	780	812	981	1061	1213	1170	1179	1661	1918	2038	2053	2095	2151	2366	1820	1656	2531	3148	3262	3281	2898	2564	2144	2066	2061	2186	2436	2394	1924	1257	1408	1556	1623	1645	1657	1587	1239	1086	1238	1370	1248	1283	1488	1661	1850
915	981	988	1035	929	759	843	1263	1689	1996	1935	1518	1455	1626	1841	1945	2113	2324	2330	1943	1610	2216	2692	2746	2690	2497	2345	2133	2114	2180	2253	2455	2571	2109	1420	1507	1639	1586	1612	1684	1680	1565	1202	1123	1232	1243	1254	1358	1533	1864
1056	972	986	955	929	877	1251	1872	2270	2305	2111	1716	1282	1338	1629	1919	2216	2358	2552	2116	1645	1838	2318	2262	2153	2056	1934	1892	1862	1882	2005	2170	2245	2089	1380	1341	1472	1459	1544	1640	1652	1653	1410	1093	1108	1188	1301	1338	1427	1611
981	1044	968	1007	951	1039	1746	2223	2270	2061	2066	1807	1441	1231	1578	1944	2188	2440	2663	2242	1506	1553	1836	1887	1811	1848	1809	1841	1812	1738	1829	1873	1991	1871	1304	1214	1455	1508	1515	1424	1648	1767	1661	1326	1144	1084	1295	1428	1562	1640
877	892	1003	1103	989	1266	1866	2183	1991	1827	1732	1708	1610	1315	1493	1981	2300	2420	2368	1887	1143	1116	1209	1374	1512	1629	1609	1754	1711	1639	1681	1659	1708	1658	1196	1152	1430	1401	1447	1528	1605	1768	1879	1675	1365	1125	1362	1728	1757	1657
745	811	893	914	935	1459	1949	1974	1725	1589	1503	1445	1555	1361	1340	1832	2242	2152	1841	1398	1080	949	976	1005	1055	1151	1353	1474	1504	1442	1333	1466	1477	1278	1049	1214	1541	1533	1453	1532	1713	1859	1928	1998	1703	1336	1577	1785	1926	1840
746	835	808	728	919	1469	1713	1694	1618	1467	1319	1344	1565	1290	1152	1384	1739	1658	1305	1107	1295	1313	1248	1032	1028	893	1014	1121	1228	1176	1086	1043	1015	903	787	1091	1564	1631	1608	1573	1643	1831	1931	2077	1897	1548	1707	2216	2304	2256
1076	1120	1029	903	1059	1493	1648	1553	1445	1265	1254	1258	1331	1252	1067	1178	1329	1151	1053	1261	1412	1374	1329	1207	1123	1008	934	973	999	873	847	946	1035	1016	915	1042	1451	1641	1658	1756	1809	1896	1980	2108	2076	1737	1975	2625	2638	2717
1239	1284	1201	956	1202	1499	1523	1400	1361	1194	1074	1107	1066	1118	1468	2012	1719	1118	1176	1427	1336	1322	1169	1186	1196	1118	1099	1148	1024	770	900	1152	1346	1289	1114	964	1185	1501	1809	1900	1859	1967	1964	2063	1992	1688	2113	2892	3124	3191
1218	1158	1047	942	1212	1372	1528	1311	1242	1085	1005	872	990	1380	2076	2633	2179	1227	1165	1338	1174	1099	1064	1045	1112	1095	1142	1350	1330	1006	1000	1249	1316	1255	1216	1039	1025	1371	1768	1867	1948	1876	2004	2004	2018	1656	1962	2873	3475	3497
943	960	858	966	1260	1510	1575	1297	1235	1030	904	951	1294	1749	2350	2639	1982	1215	1107	1138	1034	1036	1010	1015	1055	1036	1194	1174	1348	986	915	1068	1203	1184	1174	1121	1019	1207	1592	1856	1864	1798	1861	1804	1851	1509	1625	2604	3336	3549
875	1089	1247	1211	1217	1475	1452	1321	1214	877	952	1274	1762	2118	2193	2183	1522	1077	1114	1178	1114	1000	926	962	1124	1119	1193	1248	1305	1087	948	982	1078	1072	1111	1231	1152	1061	1286	1591	1670	1542	1536	1446	1272	1166	1269	1887	2581	2873
1194	1776	2063	1696	1253	1353	1348	1280	1054	999	1249	1722	1948	2147	2013	1729	1142	1104	1230	1213	1126	1037	961	961	968	1025	1193	1232	1311	1189	941	849	1054	1128	1090	1307	1339	1247	1089	1235	1222	1133	1067	1037	1038	1202	1446	1612	1776	1870
1719	2022	2303	1984	1198	1094	1158	1085	934	1058	1562	2017	2010	2052	1828	1276	973	1219	1378	1347	1183	1133	1031	1017	981	1064	1118	1266	1264	1204	1025	879	1081	1076	1064	1358	1623	1528	1435	1309	1190	1166	1075	1108	1257	1594	1856	1773	1662	1524
2048	1905	1989	1841	1128	874	882	795	820	1308	1780	1810	1754	1844	1593	1156	1184	1342	1308	1214	1185	1120	1041	1013	991	1078	1181	1152	1279	1227	1097	930	1098	1254	1248	1298	1498	1729	1703	1721	1733	1600	1463	1375	1462	1574	1689	1823	1866	1771
2288	2066	1868	1457	964	936	893	781	904	1256	1482	1537	1592	1655	1272	1098	1263	1490	1294	1171	1052	1098	1109	988	1080	1116	1177	1184	1262	1128	962	924	1203	1270	1188	1255	1364	1517	1748	1851	1879	1638	1555	1286	1247	1293	1404	1577	1726	1750
2386	2276	1884	1289	1237	1459	1543	1357	1141	962	1056	1158	1375	1398	1081	1059	1318	1346	1131	1031	962	991	992	1038	1142	1199	1217	1250	1236	1014	883	923	1354	1396	1154	1234	1361	1431	1660	1649	1609	1446	1219	1155	1107	1116	1211	1375	1480	1477
2208	2085	1761	1240	1298	1722	1750	1549	1391	1027	856	868	969	1096	845	808	1048	1017	913	815	734	745	776	884	1118	1284	1272	1187	1151	1035	842	1179	1582	1383	1154	1225	1243	1444	1474	1543	1348	1213	1182	923	1008	1092	1093	1161	1272	1185
1693	1684	1364	1098	1392	1667	1623	1553	1445	1283	1067	966	872	961	918	890	854	781	764	699	731	763	771	811	948	1099	1311	1307	1192	938	952	1403	1575	1323	1210	1243	1249	1462	1340	1367	1188	1119	1068	1013	990	1049	1102	1123	1158	1052
1152	1211	1036	902	1276	1590	1552	1380	1335	1323	1316	1187	1216	1371	1458	1375	1144	1068	1018	1020	1125	1164	1170	1005	858	1127	1391	1370	1230	1044	1039	1568	1742	1510	1462	1410	1342	1477	1331	1260	1226	1135	1065	1042	1009	1095	1130	1201	1088	1047
853	829	767	736	1075	1429	1368	1297	1262	1216	1190	1315	1286	1371	1432	1439	1393	1432	1426	1354	1301	1403	1352	1243	878	895	1207	1308	1209	1004	1436	1882	1955	1886	1729	1867	1961	1743	1343	1201	1173	1209	1142	1067	1043	1088	1119	1185	1102	1027
878	897	862	784	887	1167	1229	1188	1113	1065	1078	1132	1108	1265	1271	1327	1356	1349	1333	1371	1302	1311	1281	1146	731	745	905	980	897	870	1446	1906	1986	1924	1968	2141	2230	1749	1243	1179	1250	1257	1172	1145	1153	1177	1263	1210	1222	1049
1011	1048	1022	965	844	969	1049	1134	1110	1072	991	1042	1121	1129	1163	1152	1228	1222	1220	1205	1219	1203	1052	893	798	1008	1207	1153	994	858	1334	1791	1916	1954	1879	1886	1622	1235	1042	1087	1204	1208	1241	1262	1220	1238	1224	1245	1268	1012
1004	962	1045	1130	1051	909	982	1222	1173	1205	1097	1052	1116	1120	1204	1134	1164	1182	1189	1211	1101	883	765	786	1013	1335	1459	1527	1408	1229	1152	1353	1640	1842	1657	1351	1097	874	917	1005	1148	1156	1220	1260	1212	1108	1207	1182	1073	881
954	995	986	1045	1233	1006	1003	1253	1438	1324	1339	1292	1256	1162	1161	1166	1203	1168	1178	1206	1010	720	787	896	1063	1353	1467	1521	1663	1350	1186	1033	1290	1322	1202	1001	807	880	884	899	869	991	1105	1083	1061	1016	912	924	900	881
908	960	944	1069	1233	1055	971	1346	1608	1733	1627	1642	1551	1477	1319	1326	1327	1262	1153	1054	821	739	871	1067	1125	1159	1209	1344	1504	1370	1355	1158	1110	1014	875	945	1201	1330	1383	1361	1196	837	811	895	901	899	923	1037	1093	1224
854	864	928	1052	1217	1155	1059	1498	2115	2070	2077	2065	1804	1748	1661	1540	1450	1414	1294	1155	993	897	1073	1049	1155	1265	1253	1253	1245	1253	1371	1345	1409	1374	1298	1405	1739	2185	2253	2268	1937	1280	974	1198	1268	1358	1313	1407	1432	1440
754	823	840	898	960	958	1003	1579	2158	2416	2341	2341	2343	2226	2156	1925	1912	1664	1517	1487	1838	1730	1242	1068	1209	1163	1265	1290	1232	1322	1371	1428	1469	1660	1662	1767	1963	2466	2640	2549	2342	1466	1398	1924	1914	1620	1610	1531	1475	1361
577	670	641	752	908	980	1024	1480	1969	2300	2483	2650	2790	2830	2792	2550	2366	1892	1670	2057	3358	3216	2033	1215	1218	1231	1274	1227	1298	1249	1284	1378	1591	1654	1878	1975	1898	2271	2336	2232	1957	1359	1589	2064	1834	1585	1395	1363	1308	1259
553	679	784	1055	1335	1555	1607	1566	1672	1947	2306	2741	3064	3210	3132	2963	2564	1999	1998	3098	4309	4289	2872	1635	1255	1327	1334	1262	1262	1206	1240	1350	1444	1640	1899	2104	1955	1802	1819	1747	1309	1076	1426	1860	1647	1490	1320	1279	1131	1144
771	1012	1124	1427	1710	1941	2140	2255	1940	1852	2019	2402	2882	3173	3237	3105	2662	2063	2233	3534	4563	4328	3209	1944	1342	1450	1467	1318	1243	1215	1231	1244	1425	1525	1921	2021	1958	1503	1348	1350	1233	1017	1320	1574	1387	1348	1249	1167	1067	1052
1082	1181	1242	1369	1529	1878	2168	2439	2783	2632	2288	2133	2314	2624	2772	2606	2061	1586	1874	3087	3698	3452	2888	1758	1371	1482	1484	1357	1227	1107	1140	1246	1345	1529	1759	1915	1935	1535	1477	1844	1816	1259	1241	1500	1340	1316	1171	1050	1010	1058
1139	1259	1287	1441	1502	1787	2130	2884	3537	4101	3512	2810	2088	1986	1894	1831	1592	1516	1678	2083	2358	2239	1793	1236	1269	1594	1633	1374	1256	1159	1209	1254	1451	1527	1858	1981	1817	1630	1887	2474	2288	1479	1133	1363	1357	1292	1115	1131	1064	1112
